{
	"objectId": "spikeNodemLiiywjcrni2",
	"name": "spikeNode",
	"matrix": [],
	"isAnchor": false,
	"ip": "192.168.7.84",
	"version": "3.2.2",
	"deactivated": false,
	"protocol": "R2",
	"tcs": "1BItq4",
	"visible": false,
	"visibleText": false,
	"visibleEditing": false,
	"memory": {},
	"memoryCameraMatrix": {},
	"memoryProjectionMatrix": {},
	"frames": {
		"spikeNodemLiiywjcrni2code": {
			"objectId": "spikeNodemLiiywjcrni2",
			"name": "code",
			"visualization": "ar",
			"ar": {
				"x": 0,
				"y": 0,
				"scale": 1,
				"matrix": []
			},
			"screen": {
				"x": 0,
				"y": 0,
				"scale": 1
			},
			"visible": false,
			"visibleText": false,
			"visibleEditing": false,
			"developer": true,
			"links": {},
			"nodes": {
				"spikeNodemLiiywjcrni2codestopMotors": {
					"name": "stopMotors",
					"objectId": "spikeNodemLiiywjcrni2",
					"frameId": "spikeNodemLiiywjcrni2code",
					"data": {
						"value": 1,
						"mode": "f",
						"unit": false,
						"unitMin": 0,
						"unitMax": 1
					},
					"x": -24.30078791873325,
					"y": 156.3637481895354,
					"scale": 0.2,
					"matrix": [
						0.9993340659656322,
						-0.028352122552193326,
						0.02300787583226427,
						1.9081958235744878e-17,
						0.02887364074814791,
						0.999325791899027,
						-0.022662448002847668,
						1.6653345369377348e-16,
						-0.02234955084681678,
						0.02331326545420609,
						0.9994776297875205,
						5.551115123125783e-16,
						9.809542457341877,
						-17.040188798964664,
						6.623209349287208,
						0.9999999999998295
					],
					"type": "node",
					"stress": 0,
					"privateData": {},
					"publicData": {},
					"frameSizeX": 100,
					"frameSizeY": 100,
					"processedData": {
						"value": 1,
						"mode": "f",
						"unit": false,
						"unitMin": 0,
						"unitMax": 1
					}
				},
				"spikeNodemLiiywjcrni2codedistance": {
					"name": "distance",
					"objectId": "spikeNodemLiiywjcrni2",
					"frameId": "spikeNodemLiiywjcrni2code",
					"data": {
						"value": 4,
						"mode": "f",
						"unit": false,
						"unitMin": 0,
						"unitMax": 1
					},
					"x": -80.16288212509426,
					"y": -191.58111597075387,
					"scale": 0.2,
					"matrix": [
						0.9999740872452363,
						0.00291566192575643,
						0.006538450061666534,
						-2.6020852139652106e-18,
						-0.002988831558659477,
						0.9999326028521125,
						0.011275265495655162,
						2.7755575615628914e-17,
						-0.006504349842535007,
						-0.011293302661663063,
						0.9999150236578771,
						0,
						3.301306944222233,
						7.90551551484532,
						-1.992026407038793,
						1
					],
					"type": "node",
					"stress": 0,
					"privateData": {},
					"publicData": {},
					"frameSizeX": 100,
					"frameSizeY": 100,
					"processedData": {
						"value": 4,
						"mode": "f",
						"unit": false,
						"unitMin": 0,
						"unitMax": 1
					}
				},
				"spikeNodemLiiywjcrni2codeforce": {
					"name": "force",
					"objectId": "spikeNodemLiiywjcrni2",
					"frameId": "spikeNodemLiiywjcrni2code",
					"data": {
						"value": 8,
						"mode": "f",
						"unit": false,
						"unitMin": 0,
						"unitMax": 1
					},
					"x": -5.356324385602932,
					"y": -166.02988797377353,
					"scale": 0.2,
					"matrix": [
						0.9999751398875723,
						-0.007014709415292364,
						-0.0013446479880698803,
						-2.0816681711721685e-17,
						0.006976869988362222,
						0.9996366917613817,
						-0.026041007056910814,
						-6.938893903907228e-17,
						0.001525911445041217,
						0.026031000210011257,
						0.9996599471819536,
						-3.885780586188048e-16,
						-2.1296836167939546,
						-15.95932952561634,
						2.20768603446777,
						1.0000000000001705
					],
					"type": "node",
					"stress": 0,
					"privateData": {},
					"publicData": {},
					"frameSizeX": 100,
					"frameSizeY": 100,
					"processedData": {
						"value": 8,
						"mode": "f",
						"unit": false,
						"unitMin": 0,
						"unitMax": 1
					}
				},
				"spikeNodemLiiywjcrni2codeaccelerometerX": {
					"name": "accelerometerX",
					"objectId": "spikeNodemLiiywjcrni2",
					"frameId": "spikeNodemLiiywjcrni2code",
					"data": {
						"value": 199,
						"mode": "f",
						"unit": false,
						"unitMin": 0,
						"unitMax": 1
					},
					"x": -108.710001353899,
					"y": -92.03923529736775,
					"scale": 0.2,
					"matrix": [
						0.9998399818388464,
						-0.0006315644877090687,
						-0.01782343129006847,
						-4.163336342344337e-17,
						0.0001043958890487584,
						0.9995623142184398,
						-0.02957957058402627,
						3.469446951953614e-17,
						0.01783590919182565,
						0.029573692477285363,
						0.9994036475897019,
						3.3306690738754696e-16,
						-14.237369022775965,
						-17.040666617482202,
						0.6435567147273105,
						0.9999999999998863
					],
					"type": "node",
					"stress": 0,
					"privateData": {},
					"publicData": {},
					"frameSizeX": 100,
					"frameSizeY": 100,
					"processedData": {
						"value": 199,
						"mode": "f",
						"unit": false,
						"unitMin": 0,
						"unitMax": 1
					}
				},
				"spikeNodemLiiywjcrni2codeaccelerometerY": {
					"name": "accelerometerY",
					"objectId": "spikeNodemLiiywjcrni2",
					"frameId": "spikeNodemLiiywjcrni2code",
					"data": {
						"value": -105,
						"mode": "f",
						"unit": false,
						"unitMin": 0,
						"unitMax": 1
					},
					"x": -121.48783783538241,
					"y": -31.22995930757932,
					"scale": 0.2,
					"matrix": [
						0.9999947320296587,
						-0.0009607066529546682,
						0.0029906801457837418,
						6.938893903907228e-18,
						0.0009490061797827742,
						0.9999913391549455,
						0.00387021583252789,
						-6.938893903907228e-17,
						-0.0029933070436705123,
						-0.0038684305081204684,
						0.9999874833496278,
						-1.6653345369377348e-16,
						1.0474859045270932,
						-1.0331585012972937,
						0.6168133462779224,
						1.0000000000002842
					],
					"type": "node",
					"stress": 0,
					"privateData": {},
					"publicData": {},
					"frameSizeX": 100,
					"frameSizeY": 100,
					"processedData": {
						"value": -105,
						"mode": "f",
						"unit": false,
						"unitMin": 0,
						"unitMax": 1
					}
				},
				"spikeNodemLiiywjcrni2codeaccelerometerZ": {
					"name": "accelerometerZ",
					"objectId": "spikeNodemLiiywjcrni2",
					"frameId": "spikeNodemLiiywjcrni2code",
					"data": {
						"value": 960,
						"mode": "f",
						"unit": false,
						"unitMin": 0,
						"unitMax": 1
					},
					"x": -124.44775747067806,
					"y": 46.43601135944091,
					"scale": 0.2,
					"matrix": [
						0.9999492335423218,
						0.004965135408374177,
						0.008829919167393285,
						0,
						-0.005027636583404077,
						0.9999608383933531,
						0.007268198466476861,
						1.3877787807814457e-17,
						-0.008793841858968587,
						-0.0073132352351343854,
						0.9999338447522064,
						1.1102230246251565e-16,
						2.9544822426882433,
						3.1787566407820123,
						-0.00340049373335205,
						1.0000000000000568
					],
					"type": "node",
					"stress": 0,
					"privateData": {},
					"publicData": {},
					"frameSizeX": 100,
					"frameSizeY": 100,
					"processedData": {
						"value": 960,
						"mode": "f",
						"unit": false,
						"unitMin": 0,
						"unitMax": 1
					}
				},
				"spikeNodemLiiywjcrni2codemotor1": {
					"name": "motor1",
					"objectId": "spikeNodemLiiywjcrni2",
					"frameId": "spikeNodemLiiywjcrni2code",
					"data": {
						"value": 4,
						"mode": "f",
						"unit": false,
						"unitMin": 0,
						"unitMax": 1
					},
					"x": 108.04082844005055,
					"y": -101.6214925181581,
					"scale": 0.2,
					"matrix": [
						0.9999899507743129,
						0.0031371590923238157,
						0.0033886276533170445,
						3.469446951953614e-18,
						-0.0030910515956046325,
						0.9999104017531772,
						-0.013019098853618516,
						5.551115123125783e-17,
						-0.003428573300920945,
						0.013008349878280256,
						0.9999097265358614,
						2.7755575615628914e-16,
						2.929716948478017,
						-7.1612655177559645,
						1.761455142404884,
						1.0000000000001137
					],
					"type": "node",
					"stress": 0,
					"privateData": {},
					"publicData": {},
					"frameSizeX": 100,
					"frameSizeY": 100,
					"processedData": {
						"value": 4,
						"mode": "f",
						"unit": false,
						"unitMin": 0,
						"unitMax": 1
					}
				},
				"spikeNodemLiiywjcrni2codemotor2": {
					"name": "motor2",
					"objectId": "spikeNodemLiiywjcrni2",
					"frameId": "spikeNodemLiiywjcrni2code",
					"data": {
						"value": 4,
						"mode": "f",
						"unit": false,
						"unitMin": 0,
						"unitMax": 1
					},
					"x": 106.46973606880283,
					"y": -30.10406695155767,
					"scale": 0.2,
					"matrix": [
						0.9999974057070167,
						0.0017334310717527224,
						0.0009049272398513608,
						1.0408340855860843e-17,
						-0.0017248707779127237,
						0.9999606679127204,
						-0.008633507620579906,
						0,
						-0.0009193498206521156,
						0.008632323980247492,
						0.9999625247256745,
						-1.1102230246251565e-16,
						0.5501413905994923,
						-4.983353960229579,
						0.2732348969730083,
						1.0000000000000568
					],
					"type": "node",
					"stress": 0,
					"privateData": {},
					"publicData": {},
					"frameSizeX": 100,
					"frameSizeY": 100,
					"processedData": {
						"value": 4,
						"mode": "f",
						"unit": false,
						"unitMin": 0,
						"unitMax": 1
					}
				},
				"spikeNodemLiiywjcrni2codemotor3": {
					"name": "motor3",
					"objectId": "spikeNodemLiiywjcrni2",
					"frameId": "spikeNodemLiiywjcrni2code",
					"data": {
						"value": 8,
						"mode": "f",
						"unit": false,
						"unitMin": 0,
						"unitMax": 1
					},
					"x": 122.17114143316815,
					"y": 52.01979260722044,
					"scale": 0.2,
					"matrix": [
						0.9991854007319753,
						-0.01644339122326255,
						-0.03683384364111664,
						-3.2959746043559335e-17,
						0.01491122929075095,
						0.9990289884564199,
						-0.04148148002849439,
						-6.938893903907228e-17,
						0.03747915951895919,
						0.040898672821157334,
						0.9984604287361094,
						5.551115123125783e-17,
						-19.531104377698284,
						-12.594423802715028,
						2.380378092668252,
						1.0000000000004547
					],
					"type": "node",
					"stress": 0,
					"privateData": {},
					"publicData": {},
					"frameSizeX": 100,
					"frameSizeY": 100,
					"processedData": {
						"value": 8,
						"mode": "f",
						"unit": false,
						"unitMin": 0,
						"unitMax": 1
					}
				},
				"spikeNodemLiiywjcrni2codecolor": {
					"name": "color",
					"objectId": "spikeNodemLiiywjcrni2",
					"frameId": "spikeNodemLiiywjcrni2code",
					"data": {
						"value": "black",
						"mode": "f",
						"unit": false,
						"unitMin": 0,
						"unitMax": 1
					},
					"x": 56.957974681281996,
					"y": -186.7446262538864,
					"scale": 0.2,
					"matrix": [],
					"type": "node",
					"stress": 0,
					"privateData": {},
					"publicData": {},
					"frameSizeX": 100,
					"frameSizeY": 100,
					"processedData": {
						"value": "black",
						"mode": "f",
						"unit": false,
						"unitMin": 0,
						"unitMax": 1
					}
				}
			},
			"location": "local",
			"src": "editor",
			"privateData": {},
			"publicData": {},
			"staticCopy": false,
			"distanceScale": 1,
			"groupID": null
		}
	},
	"framesHistory": {},
	"visualization": "ar",
	"zone": "",
	"targetSize": {
		"width": 0.14,
		"height": 0.202194
	},
	"isWorldObject": false,
	"timestamp": null,
	"port": 8080,
	"developer": true
}